Quadrature Mirror Filter High Band
==================================

**FIR Filter Coefficients (96 taps)**

3.85755568037327E-06 2.19067217568543E-05 5.43813272159221E-05
6.64600884785465E-05 1.753713635472E-05 -5.40331500791025E-05
-4.08369253362976E-05 5.93582827635394E-05 7.62790551311572E-05
-6.2963070348661E-05 -0.000127127032296638 5.78204037747146E-05
0.000194350790730979 -3.98199315821881E-05 -0.00028172184466173
3.1953493343193E-07 0.000388202227137982 6.58596337103247E-05
-0.000516222781069288 -0.000168616423187541 0.000664127503184755
0.000316349366166937 -0.0008306229869152 -0.000518949929699956
0.0010123333615715 0.00078484082318749 -0.00120841838856477 -0.00112843632136233
0.00140962360406907 0.00155628496835024 -0.00161348926984544
-0.00208219933056132 0.00181002586408711 0.00271430384806881
-0.00199234125076407 -0.0034624992579742 0.00215234764594068 0.00433693743297232
-0.00227939971405166 -0.00534345135398935 0.00236729789647801
0.00649116632274325 -0.00240721555849641 -0.00778580767053229
0.00239383748043286 0.00923400882531916 -0.00232320843674334 -0.0108414478581136
0.00219575581896287 0.0126157690748125 -0.00201495047688066 -0.0145659155884338
0.0017876501192867 0.0166991396973265 -0.0015320881926296 -0.0190297999716611
0.00127252229049077 0.0215754149280655 -0.0010436912796394 -0.0243567777043601
0.000897072896004419 0.0274020317826461 -0.00090322093691251 -0.0307448655087401
0.00116176055598619 0.034427789977564 -0.00180711892688085 -0.0384932866817923
0.00303196581034662 0.0429848195614274 -0.00510449855253522 -0.0479271231104953
0.00840652866776683 0.0532937360684891 -0.0134908030060092 -0.0589489801936134
0.0211471858836663 0.0645004195660886 -0.0325186186274375 -0.0690332526360612
0.049192630761198 0.0705053215030631 -0.0732117737114207 -0.0644957411007075
0.106498706989239 0.0415241043824984 -0.147928622644849 0.0182444499638439
0.180865166572185 -0.151192760107988 -0.120989412820368 0.366912763416058
-0.387088417191058 0.238313927879394 -0.0872917060583397 0.0153561250993236
